13838,13438,17195,15744,17389,19541,19065,16301,16270,19407,18123,15713,13526,18392,14383,13339,18582,15582.5,18301,13386,14650,16483,
15777,17062,15260,13648,19808,18704,17803,18058,13797,15822,17012,19480,19621,15872,19888,16010,14461,
18089,15703,17253,15296,15959,14859,15744,18650,14792.5,13333,15140,16175,17219,15565,17379,19781,13288,15610,17307,16326.0,15345,16863,19146,18487.0,17828,18416,15004.0,19751,18177.5,16604,13609,
16340,17951,17281,18787,16304,15161,18028,19456,16799,13748,13788,13990,13464,17732,14500,19737,15252,19098,16248,18182,16507,18940,
17229,15738,15182,18171,13276.5,17122,18767,15340,18754,15493,16592,15329,13533.5,15778,15252,18771,17036,18962,18743,
14250,15503,16693,19076,14445,15901,14529,15233,18912,15085,19355,19621,16743,17802,16579,18364,15561,17142,15995,15222,14138,17430,
18088,18898,13518,13346,14686.0,18027,13758,
19541,13400,18459,16782,18464,14015,13480,13826,17901,13343.5,17584,19499,
17131,19034,17345,15436,14995,14989,15872,16564,18609,16687,14382,17120,14879,15432,13834,14900,16628,18272,13985,16907.0,19829,15473,18062,19780,15576,
15574,13439,16344,14141,17002,16604,17687,19525,15024.5,18569,17665,18611,18710,13912,17727,17166.0,16605,13492,15424,16135,17955,
14532,19995,15568,14590,16696,14749,19982,16322,13808,18784,16244,15969,17880,15672,14108,17424,18595,14080,16136,13641,15631,
15573,18059,18298,13557.5,16034,15359,14703,16975,16242,13874,14483,13639,16947,16137,
14109,15459,15054,13659,15576,18151,18431,15881,15155,17824,17794,19132,
19048,16477,18286,19939,19431,
14518,14173,19120,18356,13908,16130,17457,13295.5,14542,18856,18699,19637,18515,15137,16692,14134,18655,14048,16810,14547,17344,13501,14633,15808,14844,18252,16071,15214,
16008,19636,16262,15599,16341,18339,14467,13234,13627,14326,19470,13360,13800,16639,16964,17584,18866,18932,16315,18591,18643,14415,
15408,15113,15006,14282,14237,19248,14069,13966,14491,17852,14300.5,16744,16527,16059,18754,15079,16921,17165,18175.0,19185,14586,19108,16304,18157,
16779,14961,17779,13998,15374,17762,17506,16006,15990,16429,17895,18076,16171,16143,15408,13281,13537,
18263,17708,14059,16502,14539,13401,15051,13403,15063.0,16723,15695,15883,15223,19560,13474.5,15145,13607,18374,
16032,18252,18357,19885,15881,14908,14072,15728,19858,14570,16676,18966,18807,19430,15337,17817,17629.0,17441,18468.0,19495,16403,17600,14219,18873,15060,19290,14843,19133,18788,
18698,15897,19876,16309.5,18529,14337,19647,16408,13893,13909,14827,17703,15805,18925,19156,16396,17981,18222,17895,17068,14277,15048,15190.0,15332,19032,
13294,18036,15601,13974,19400,19688,19835.0,19982,15221,14880,16404,19167,15874,17378,17002.5,16627,15580,14705,16947,18548,19766,19638,
15609,19940,18817,14731,18242,19495,14880,17656,15848,18850,13843,17817,18739,17945,19960,16851,17484,16028,17171,
13916,13657,14161,15679,13452,14624,14462,15776,19613,13460,14066,
13763,18988,18031,15540,
16939,15598,16074,16223,13513,18790,18898,13404,16085.5,18767,15156,19381,17545,14605,18457,16143,14985,17706,19580,
13758,14678,14114,15905,17902,17822,18956,16357,18585,17129,
17222,16156,18335,15172,13290.5,18932,19904,16289,17654,14883,16420,14590,14887,17449,14052.5,13900.5,17145,14957,19095,16989,15870,14052,
14877,16759,16415,13890,14842,13365,19483,16778,17944,13725,19151,
19947,19081,19614,18883,13553,17682,17831,18492,
17126,15049,15591,13452,15790,16261.5,16733,16534,17970,16332,18244,14787,15087,
19095,18282,13860,17525,13699,16552,13465,16162,
14195,16832,19203,16036,17722,15583,19409,14461,16539,13812,19542,14323.5,18665,16993,16509,18703,18929,19398,19939,13941,
18278,17745,16778,18505,18714,16362,18407,15026,16293,16753,13588,19232,19008,17094,13959,16292,
19425,16381,13396,15120,17208,13755,19295,18450,19847,18190,14708,14557,16024.0,17491,19211,15333,16210,17410,19753,18509,14708,14049,17693,19446,
17851,18165,19391,19874,13443,15500,17088,
17819,19725,15765,16140,13246,16079,19485,19234,13447,16614,13542,
17061,19845,14984,16745,13505,16391,13859,17342,19362,14616,18236,14399,19851,14751,13908,18636,16812,16914,14413,14911.5,15410,13967,17114,15979,14133,
17179,15784,17049,18804,18269,15930,15537,14442.0,13347,16974,17283,15637,17337,17037,19538,18672,13921,14246,
19184,17211,18601,13909,16558,16655,13810,17102,19497,14998,14961,
17938,17001,18847,16425,13765,19739,17465,17270,14045.0,13468,15714,18393,
15396,17780,17695,17060,19119,
14829,14800,17059,14431.5,16436,18843,19381,17035,13527,13788,15403,17491,13730,14752,19408,16939,18878,19169,15530.0,17680,15056,
14232,18411,19161,18873,18367,
18759,15981,13772,14871,
13498,15569,15778,18966,15926,14620,15274,18397,13556,16882,16647,19046,19134,16915,13553,19108,16742,14359,19415,16184,15019,17515,
19011,15319,16006,17827,14240,16416,16064,14907,17234,13812,16510,
19503,16763,19382,18610,19121,18400,17274,18461.0,19648,19416,15092,13601,18952,17938,
17480,19090,14618,17882,18463,18649,17950,16541,16220.5,15900,14938,16750,16365,15116,17160,15456,13923,15371,16828,16551,18056,15453,17219,14231,19618,17740,
13414,14186,13372,14241,18274,16799,19949,17063,18534,16717,13277,13742.0,14207,14682,14738.5,18444,17375,16866,
18241,15944,13913,18528,17093,18855,16665,15745,14934,18909,14705,18413,19801,13440,15038,18749,19576,14583,19573,15919,13821,13811,13988,18090,18862,15954.5,15945,
19075,14446,19890,14804,14680,19878,15676,14282,16938,17650,14773,18131,15453,16885,15787,
13713,16364,18860,16718,14892,16319,16896.5,17474,16623,16700,15639,14273,18198,13700,19204,17330,17107,14814,15027,13630,14009,19992,14872,15744,16767,14504,19489,15361,
13603,18773,16519,18630,17228,17795,16960,16111.5,19039,16007,14969,18552,16362,19119,17753,
13313,16103,17166,19782,18204,13797,13429,19560,14575,17204,15608,15771,16403,19663,16050,14022,16948,17661,18746,18466,17778.0,17090,13395,19643,15558.0,19344,16348,14883,19335,16845,
18466,14803,13534,17158,13740,15780,17854,16589.0,15324,14549,17877,15538.0,18628,16459,19031,19834,17608,
15135,17970,19179,19457,14822,16757,17221,15196,16072.0,16948,15954,18104,15052.5,16758,14608,16052,16639,19380,17706,
19158,16600,19855,18637,19707,19090,18951,19010,17370,19075,16255,16024.5,15794,13284,14409,15840,18754,19889,
19441,16986,18697,16114,16540,18855,18488,14428,14557,14753,15888,14168,15794,
15348,14820,19511,13810,19715,13653,16758,18731,16341,14484,15532,16276,14776,17733,14751,
13384,17372,18287,14277,14118,15337,18666,14544,15406,14618,19673,14855,14680,14158,14816.0,15474,17400,14713,15560,16346,19296,15205,18521,15778,15092,
17642,13623,15475,19619,18839,16390,16879.0,17368,14310,18679,19983,18504,19680,18954,15545,15149,18032,
16975,16967,19939,15050,13391.5,16708,18547,16675,14831,15923,13821,14161,19932,14158,19651,
19561,19456,19194,19203,14122,18537,19346,
19621,16953,18359,18766,17019,19689,15469,
15580,17140,17661,17912,19850,18963,16135,15416,15688,
13237,15228,18718,19563,18114,15167,14000,14983,15004,14584,17518,14810,18263,17747,15850,16734,16918,16475,15506,13471,15144,14137,15560,17313,
18608,17326,15791,15471,19110,17935,15471,13947,14273,17205,17174,19500,15742.5,18961,19719,15885,15973,16545,17638,19105,
16073,16536,17287,19409,19012,19170,17891,15716,
16132,14209,18064,15915,18082,14829,16210,19538,15587,16029.5,16472,14418,15140,13511,16214,16002,14605,
16387,13618,17411,18483,18579,17925,14273,14075,18804,13742,13883,19500,15694,14637,
17652,14409,17123,17496,13445,14457,16269,14330,14577,15318,14066,13975,13393,17857,17861,18374,19729,17154,19163,14435,15472,19905,18609,16994,
19767,19409,14130,17434,18743,18038,16114,15240,
18931,18121,18875,17306,19757,16594,13981,14716,17422,13779.0,17085,16350,15179,17641,18527,
14886,17361,14834.0,18116,17752,15201,
16007,17780,14950,13763,15112,
13618,17530,17559,15716,15878,15680,19504,14355,
13566,19266,17207,13617,17600,15079,14833,13374.0,15232,15447,14026.0,17358,16661,15077,13432,14002,16237.5,18473,18218.5,17964,17510,14088,15169,16756,13881,17169,14468,18289,
19963,16976,13865,13809,18809,15755,15341,
17884,19283,19004,17036,18843,18927,16216,15722,14210,18020,15054,13308,16064,
17355,14941,18292,19449,18890,15703,14500,13672,16300,17398,19210,
16657,15803,13428,15693,13413,13529,
14605,17253,19074,17214,14485,13561,19768,
18403,15737,15837,14303,18220,16442.5,14665,14094,15270,14442,19502,15442.5,15257,18589,19700,14153.5,17622,13569,13446,19439,19270.0,19101,16143,17733,13793.0,18972,14998,18885,15014,17087,
17755,13396,15221,18230,17723,19290,13296,15920,18906,13327,15339,16022,18957,13645,13864,19528,13315.5,16571,17962,16024,15869.5,15715,14957,
15490,15750,16552,15335,13832,18905,16042,14880.0,13718,13805,18754,
19240,18773,13483,13896.5,18689,18119,18251.0,18383,16977,17918.5,18860,16521,15988,13919,16651,19833,14948,
15146,16531,14989,17207,13527,13964.5,17487,19250,18365,13727,17114,17869,15905,16040,14442,18519,16167,15921,15204,15517,15311,16527,15914,15525,
13919,18185,13845,13278,16585,14169,17366,14999,16020,16645,14127,14008,18983,18082,19307,18839,15273,18579,16533,16732,14650,16432,17789,19156,18487.5,17819,13880,
