334816972.3
247414276.8
146543971.0
205338065.3
368005766.8
117798093.0
6029534.6
-218147199.9
284896057.0
227456832.4
-140958590.1
-354212667.1
48497521.3
-100882853.6
6062037.8
87201167.1
76759119.3
117161241.6
273011883.2
-193026757.7
22543754.9
69565754.2
187289391.2
82836741.9
-78761986.3
295743909.2
-307888136.3
-70099138.5
-462225640.8
253034666.8
-449590860.0
-128580573.3
217881136.8
-211594865.0
108521570.8
228441415.5
25331892.1
-145292280.8
-178471380.5
-349188753.2
-18629260.0
-43261644.5
-136183105.2
337158902.2
-217438636.3
-76666232.8
-210096614.6
-278749220.9
-83486201.5
67351470.0
-552802380.6
68250.3
-78791946.1
98388565.0
-98008338.5
263736972.0
-14640052.5
40866100.7
-22977182.2
96527346.6
-83745546.5
313959952.3
155143534.6
-264251543.7
-9148653.5
-101136550.8
7862855.9
-95272386.9
38439795.1
-135660821.5
-79120053.9
286707278.4
105436618.3
-252025582.6
-299764021.0
62655728.3
-98615292.2
-115008615.6
